0 0 22
0 0 21
0 0 23
0 0 18
0 3 19
0 2 24
0 0 28
0 1 29
0 0 20
0 4 30
0 1 25
0 0 12
1 4 30
1 0 13
1 0 20
1 1 29
1 0 21
1 0 12
1 0 22
1 0 23
1 2 24
1 0 18
1 1 25
1 0 28
1 3 19
2 4 30
2 0 12
2 1 29
2 0 13
2 3 19
2 0 22
2 0 21
2 0 20
2 0 23
2 2 24
2 0 18
2 1 25
2 0 28
3 1 25
3 0 28
3 0 18
3 0 23
3 0 20
3 0 13
3 0 22
3 0 12
3 4 30
3 2 24
3 0 21
3 3 19
4 0 20
4 0 22
4 2 24
4 0 12
4 0 21
4 1 29
4 3 19
4 0 23
4 0 18
4 1 25
4 0 13
5 1 16
5 0 12
5 0 26
5 5 27
5 0 13
5 2 14
5 1 15
5 0 17
5 6 37
6 2 14
6 7 31
6 1 15
6 6 32
6 0 13
6 1 16
6 0 12
6 0 26
6 5 27
7 1 16
7 6 32
7 1 15
7 0 12
7 0 17
7 5 27
7 7 31
7 2 14
8 5 27
8 0 13
8 0 17
8 6 32
8 2 14
8 1 15
8 1 16
8 7 31
9 6 37
9 2 14
9 0 13
9 1 15
9 5 27
9 1 16
9 0 26
9 0 12
10 9 34
10 4 35
10 8 33
10 0 26
10 1 15
10 2 14
10 3 36
10 1 16
10 0 17
11 4 35
11 1 15
11 2 14
11 0 17
11 8 33
11 3 36
11 1 16
11 0 26
11 9 34
